hu_1,hu_2,hu_3,hu_4,hu_5,hu_6,hu_7
[1.69229074],[3.44706579],[7.62953872],[8.1924042],[-16.28177046],[9.96510313],[-16.22918653]
[1.53241928],[3.10490005],[7.50490824],[6.9099873],[14.14858352],[8.47167049],[-14.55448211]
[1.691821],[3.39028887],[8.34324116],[8.48822027],[16.90426308],[10.18827367],[18.32534143]
[1.92816129],[3.90499893],[8.34283713],[7.79853993],[15.87611141],[9.75347504],[16.62215069]
[1.80127296],[3.65590263],[8.71861938],[8.4700723],[-18.11571078],[10.33952898],[17.06613956]
[1.80247831],[3.6228659],[7.44554963],[7.60220947],[15.12609597],[9.41366579],[17.37329448]
[1.93104731],[3.9143197],[8.89508532],[8.14254653],[16.82186448],[10.10805546],[-16.80232963]
[1.86951608],[3.77977062],[9.01601075],[8.15304586],[16.87095114],[10.04928622],[16.90669657]
[1.86199898],[3.9430767],[7.53968139],[6.7512597],[14.92749786],[8.73094592],[-13.89862307]
[1.3896041],[2.84634907],[5.83447439],[6.67807999],[12.93494694],[8.10164855],[14.21768611]
[1.54395919],[3.10407636],[6.01875641],[6.04979768],[12.08407512],[7.6021656],[-14.95808442]
[1.69426525],[3.39929441],[7.63259589],[7.78945858],[15.50070212],[9.49108076],[17.00143816]
[1.55544629],[3.13353856],[6.13665097],[6.01438312],[12.08990016],[7.58153876],[16.04796246]
[1.29704565],[2.64888708],[4.55261972],[4.63590331],[9.23016937],[5.96034939],[11.56940329]
[1.59955266],[3.21043469],[6.22808845],[6.1785883],[12.3819268],[7.78382738],[-15.4979822]
[0.97664496],[1.97760922],[4.00262102],[4.08110196],[8.12296731],[5.07006211],[10.49760205]
[1.89068726],[3.79937134],[8.33440035],[8.95240153],[17.60736403],[10.86885425],[-18.23842638]
[1.90412316],[3.83015493],[8.35236325],[8.60183759],[17.07961975],[10.52062613],[18.33084786]
[1.86268485],[3.75572059],[7.19345768],[7.40854696],[14.71013253],[9.28864305],[15.99528744]
[1.52069016],[3.08030223],[5.73108993],[6.03527804],[11.918805],[7.57664199],[13.31938466]
[2.01818817],[4.05761429],[9.46644786],[10.94012754],[-21.25377679],[12.99847495],[-21.34323221]
[1.48631167],[2.99274142],[6.0583973],[6.16734133],[12.28021234],[7.66393509],[14.83441931]
[2.24121176],[6.1010945],[8.87009076],[7.9141038],[16.44388848],[-10.97835504],[-16.47034929]
[1.98026484],[6.48617809],[8.29084388],[8.1819707],[-17.59402305],[-11.81356406],[16.41934724]
[2.36070471],[6.98730253],[10.50041315],[8.12282839],[-18.0424447],[-11.62915012],[17.44807352]
[1.99721023],[6.51476298],[9.69182812],[7.56294952],[-16.76863923],[10.84237377],[-16.20603302]
[2.20555985],[4.75498777],[8.26213688],[8.95647211],[-17.57369673],[-11.34050748],[18.28873589]
[2.05643248],[6.31937933],[8.91723524],[8.45848816],[17.32705741],[12.06513603],[17.27036245]
[1.6597426],[5.06792165],[7.5836448],[6.40038652],[15.37102388],[-9.02150954],[13.39242615]
[2.1661881],[5.46151089],[7.21137334],[8.04798993],[15.68045694],[10.87636224],[16.62499798]
[1.82389733],[4.86639117],[8.61537941],[7.97253081],[-16.28290221],[-10.40708748],[-16.835382]
[2.08408966],[4.96710059],[8.57719159],[7.39685485],[15.55341047],[9.94562799],[15.5169079]
[1.85489081],[4.29964425],[8.03545791],[8.44830379],[-16.81945179],[11.71468208],[16.86425436]
[1.8280796],[4.38556014],[8.11254811],[7.86565752],[-16.25336887],[11.91205026],[-15.89249358]
[1.5975213],[5.17934835],[8.68740946],[6.65648935],[-14.3710124],[10.58936573],[14.70318458]
[2.22914978],[7.15109805],[7.67262337],[7.1429646],[14.56823032],[-10.72090978],[15.10664496]
